{
  "accessors": [
    {
      "bufferView": 2,
      "componentType": 5126,
      "count": 5333,
      "max": [
        2.6898500919342041,
        14.740260124206543,
        0.99160999059677124
      ],
      "min": [
        -2.6967000961303711,
        0.78746002912521362,
        -1.7476600408554077
      ],
      "type": "VEC3"
    },
    {
      "bufferView": 2,
      "byteOffset": 63996,
      "componentType": 5126,
      "count": 5333,
      "max": [
        0.99997228384017944,
        0.99984622001647949,
        0.99998849630355835
      ],
      "min": [
        -0.99997037649154663,
        -0.99987858533859253,
        -0.99997597932815552
      ],
      "type": "VEC3"
    },
    {
      "bufferView": 3,
      "componentType": 5126,
      "count": 5333,
      "max": [
        1,
        0.99974435567855835,
        0.99997889995574951,
        1
      ],
      "min": [
        -0.99999809265136719,
        -0.98454844951629639,
        -0.99997895956039429,
        -1
      ],
      "type": "VEC4"
    },
    {
      "bufferView": 1,
      "componentType": 5126,
      "count": 5333,
      "max": [
        0.9968000054359436,
        0.99229997396469116
      ],
      "min": [
        0.0062000001780688763,
        0.013100000098347664
      ],
      "type": "VEC2"
    },
    {
      "bufferView": 1,
      "byteOffset": 42664,
      "componentType": 5126,
      "count": 5333,
      "max": [
        0.9968000054359436,
        0.99229997396469116
      ],
      "min": [
        0.0062000001780688763,
        0.013100000098347664
      ],
      "type": "VEC2"
    },
    {
      "bufferView": 1,
      "byteOffset": 85328,
      "componentType": 5126,
      "count": 5333,
      "max": [
        0.9968000054359436,
        0.99229997396469116
      ],
      "min": [
        0.0062000001780688763,
        0.013100000098347664
      ],
      "type": "VEC2"
    },
    {
      "bufferView": 1,
      "byteOffset": 127992,
      "componentType": 5126,
      "count": 5333,
      "max": [
        0.9968000054359436,
        0.99229997396469116
      ],
      "min": [
        0.0062000001780688763,
        0.013100000098347664
      ],
      "type": "VEC2"
    },
    {
      "bufferView": 0,
      "componentType": 5125,
      "count": 27510,
      "max": [
        5332
      ],
      "min": [
        0
      ],
      "type": "SCALAR"
    }
  ],
  "asset": {
    "extras": {
      "author": "DineshThennarasan (https://sketchfab.com/dineshthennarasan)",
      "license": "CC-BY-4.0 (http://creativecommons.org/licenses/by/4.0/)",
      "source": "https://sketchfab.com/models/8cafbab7a73e4fb7966a00659a4e31ef",
      "title": "Men's Two Piece Suit"
    },
    "generator": "Sketchfab-3.32.3",
    "version": "2.0"
  },
  "bufferViews": [
    {
      "buffer": 0,
      "byteLength": 110040,
      "byteOffset": 0,
      "name": "floatBufferViews",
      "target": 34963
    },
    {
      "buffer": 0,
      "byteLength": 170656,
      "byteOffset": 110040,
      "byteStride": 8,
      "name": "floatBufferViews",
      "target": 34962
    },
    {
      "buffer": 0,
      "byteLength": 127992,
      "byteOffset": 280696,
      "byteStride": 12,
      "name": "floatBufferViews",
      "target": 34962
    },
    {
      "buffer": 0,
      "byteLength": 85328,
      "byteOffset": 408688,
      "byteStride": 16,
      "name": "floatBufferViews",
      "target": 34962
    }
  ],
  "buffers": [
    {
      "byteLength": 494016,
      "uri": "scene.bin"
    }
  ],
  "images": [
    {
      "uri": "textures/m_suit_01_baseColor.png"
    },
    {
      "uri": "textures/m_suit_01_normal.png"
    }
  ],
  "materials": [
    {
      "alphaMode": "BLEND",
      "doubleSided": true,
      "emissiveFactor": [
        0,
        0,
        0
      ],
      "name": "m_suit_01",
      "normalTexture": {
        "index": 1,
        "scale": 0.35004201530000001,
        "texCoord": 0
      },
      "pbrMetallicRoughness": {
        "baseColorFactor": [
          1,
          1,
          1,
          1
        ],
        "baseColorTexture": {
          "index": 0,
          "texCoord": 0
        },
        "metallicFactor": 0,
        "roughnessFactor": 0.59999999999999998
      }
    }
  ],
  "meshes": [
    {
      "name": "m_suit_01Mesh_0",
      "primitives": [
        {
          "attributes": {
            "NORMAL": 1,
            "POSITION": 0,
            "TANGENT": 2,
            "TEXCOORD_0": 3,
            "TEXCOORD_1": 4,
            "TEXCOORD_2": 5,
            "TEXCOORD_3": 6
          },
          "indices": 7,
          "material": 0,
          "mode": 4
        }
      ]
    }
  ],
  "nodes": [
    {
      "children": [
        1
      ],
      "name": "RootNode (gltf orientation matrix)",
      "rotation": [
        -0.70710678118654746,
        -0,
        -0,
        0.70710678118654757
      ]
    },
    {
      "children": [
        2
      ],
      "name": "RootNode (model correction matrix)"
    },
    {
      "children": [
        3,
        5,
        7,
        9,
        11,
        13,
        15
      ],
      "name": "Root"
    },
    {
      "children": [
        4
      ],
      "matrix": [
        -0.29086000000000006,
        0.95517000000000007,
        -0.05519000000000001,
        0,
        -0.77110000000000001,
        -0.19988000000000003,
        0.60452000000000006,
        0,
        0.56639000000000006,
        0.21839000000000003,
        0.7946700000000001,
        0,
        0.055050000000000009,
        -0.85537000000000007,
        1.4617299999999998,
        1
      ],
      "name": "Lamp"
    },
    {
      "name": "Lamp"
    },
    {
      "children": [
        6
      ],
      "matrix": [
        0.10000000000000001,
        0,
        0,
        0,
        0,
        -0,
        0.10000000000000001,
        0,
        0,
        -0.10000000000000001,
        -0,
        0,
        0,
        0,
        0,
        1
      ],
      "name": "m_suit_01Mesh"
    },
    {
      "mesh": 0,
      "name": "m_suit_01Mesh_0"
    },
    {
      "children": [
        8
      ],
      "matrix": [
        -0.29086000000000006,
        0.95517000000000007,
        -0.05519000000000001,
        0,
        -0.77110000000000001,
        -0.19988000000000003,
        0.60452000000000006,
        0,
        0.56639000000000006,
        0.21839000000000003,
        0.7946700000000001,
        0,
        -0.025720000000000003,
        0.81055999999999995,
        1.77556,
        1
      ],
      "name": "Lamp.001"
    },
    {
      "name": "Lamp.001"
    },
    {
      "children": [
        10
      ],
      "matrix": [
        -0.29086000000000006,
        0.95517000000000007,
        -0.05519000000000001,
        0,
        -0.77110000000000001,
        -0.19988000000000003,
        0.60452000000000006,
        0,
        0.56639000000000006,
        0.21839000000000003,
        0.7946700000000001,
        0,
        0.76526000000000005,
        0.016840000000000001,
        1.15476,
        1
      ],
      "name": "Lamp.002"
    },
    {
      "name": "Lamp.002"
    },
    {
      "children": [
        12
      ],
      "matrix": [
        -0.29086000000000006,
        0.95517000000000007,
        -0.05519000000000001,
        0,
        -0.77110000000000001,
        -0.19988000000000003,
        0.60452000000000006,
        0,
        0.56639000000000006,
        0.21839000000000003,
        0.7946700000000001,
        0,
        -0.86321000000000003,
        0.053410000000000013,
        1.1694800000000001,
        1
      ],
      "name": "Lamp.003"
    },
    {
      "name": "Lamp.003"
    },
    {
      "children": [
        14
      ],
      "matrix": [
        -0.29086000000000006,
        0.95517000000000007,
        -0.05519000000000001,
        0,
        -0.77110000000000001,
        -0.19988000000000003,
        0.60452000000000006,
        0,
        0.56639000000000006,
        0.21839000000000003,
        0.7946700000000001,
        0,
        0.0085400000000000025,
        -0.56118000000000001,
        0.26390000000000002,
        1
      ],
      "name": "Lamp.004"
    },
    {
      "name": "Lamp.004"
    },
    {
      "children": [
        16
      ],
      "matrix": [
        -0.22924000000000005,
        0.95517000000000007,
        0.18734000000000003,
        0,
        -0.032560000000000006,
        -0.19988000000000003,
        0.97927999999999993,
        0,
        0.97282000000000002,
        0.21839000000000003,
        0.076920000000000016,
        0,
        0.0085400000000000025,
        0.82933000000000001,
        0.26390000000000002,
        1
      ],
      "name": "Lamp.005"
    },
    {
      "name": "Lamp.005"
    }
  ],
  "samplers": [
    {
      "magFilter": 9729,
      "minFilter": 9987,
      "wrapS": 10497,
      "wrapT": 10497
    }
  ],
  "scene": 0,
  "scenes": [
    {
      "name": "OSG_Scene",
      "nodes": [
        0
      ]
    }
  ],
  "textures": [
    {
      "sampler": 0,
      "source": 0
    },
    {
      "sampler": 0,
      "source": 1
    }
  ]
}

